0.53382 0.63087 0.72059 0.79887 0.86347 0.91405 0.95183 0.97898 0.99801 1.01128 1.02071 1.02768 1.03302 1.03677 1.03985 1.04224 1.04387 1.04470 1.04470 1.04392 1.04239 1.04016 1.03733 1.03407 1.03050 1.02674 1.02289 1.01889 1.01470 1.01016 1.00515 0.99953 0.99307 0.98570 0.97722 0.96737 0.95564 0.94161 0.92457 0.90378 0.87831 0.84761 0.81128 0.76930 0.72192 0.67010 0.61504 0.55808 0.50057 0.44368 0.38833 0.33517 0.28471 0.23734 0.19350 0.15373 0.11853 0.08840 0.06349 0.04375 0.02883 0.01815 0.01082 0.00606 0.00314
0.60746 0.71837 0.82112 0.91105 0.98555 1.04421 1.08837 1.12047 1.14335 1.15967 1.17159 1.18065 1.18780 1.19302 1.19734 1.20069 1.20298 1.20415 1.20415 1.20305 1.20090 1.19774 1.19377 1.18918 1.18418 1.17893 1.17359 1.16809 1.16237 1.15625 1.14953 1.14204 1.13348 1.12372 1.11250 1.09947 1.08399 1.06549 1.04310 1.01591 0.98291 0.94351 0.89742 0.84486 0.78643 0.72350 0.65774 0.59090 0.52465 0.46039 0.39910 0.34139 0.28765 0.23807 0.19289 0.15243 0.11700 0.08694 0.06225 0.04278 0.02813 0.01768 0.01053 0.00589 0.00305
0.66361 0.78527 0.89822 0.99734 1.07978 1.14504 1.19457 1.23097 1.25734 1.27655 1.29094 1.30219 1.31124 1.31809 1.32377 1.32819 1.33121 1.33276 1.33276 1.33129 1.32844 1.32427 1.31902 1.31296 1.30637 1.29949 1.29251 1.28539 1.27806 1.27027 1.26179 1.25238 1.24164 1.22939 1.21530 1.19889 1.17939 1.15608 1.12790 1.09386 1.05287 1.00445 0.94849 0.88555 0.81667 0.74370 0.66878 0.59401 0.52134 0.45228 0.38780 0.32836 0.27414 0.22505 0.18107 0.14224 0.10863 0.08039 0.05737 0.03932 0.02580 0.01619 0.00962 0.00537 0.00277
0.69887 0.82742 0.94700 1.05220 1.14000 1.20986 1.26324 1.30290 1.33204 1.35369 1.37028 1.38353 1.39441 1.40284 1.40986 1.41533 1.41908 1.42100 1.42100 1.41918 1.41563 1.41044 1.40393 1.39641 1.38826 1.37976 1.37120 1.36254 1.35368 1.34436 1.33426 1.32307 1.31032 1.29574 1.27887 1.25912 1.23557 1.20734 1.17325 1.13223 1.08327 1.02606 0.96080 0.88848 0.81065 0.72963 0.64797 0.56806 0.49200 0.42127 0.35669 0.29851 0.24662 0.20059 0.16012 0.12494 0.09488 0.06991 0.04971 0.03397 0.02223 0.01393 0.00827 0.00461 0.00237
0.71309 0.84457 0.96703 1.07497 1.16530 1.23746 1.29293 1.33450 1.36542 1.38876 1.40699 1.42182 1.43418 1.44393 1.45209 1.45846 1.46283 1.46507 1.46507 1.46294 1.45879 1.45274 1.44513 1.43637 1.42689 1.41704 1.40716 1.39723 1.38716 1.37663 1.36526 1.35266 1.33826 1.32166 1.30229 1.27941 1.25195 1.21890 1.17901 1.13123 1.07474 1.00950 0.93615 0.85616 0.77160 0.68521 0.59987 0.51808 0.44191 0.37271 0.31103 0.25681 0.20961 0.16869 0.13344 0.10333 0.07798 0.05718 0.04050 0.02759 0.01801 0.01127 0.00667 0.00371 0.00191
0.70917 0.84003 0.96199 1.06960 1.15979 1.23201 1.28774 1.32976 1.36130 1.38540 1.40449 1.42023 1.43349 1.44411 1.45302 1.45999 1.46477 1.46722 1.46722 1.46488 1.46033 1.45368 1.44534 1.43575 1.42538 1.41465 1.40393 1.39322 1.38242 1.37116 1.35902 1.34550 1.32990 1.31171 1.29021 1.26447 1.23333 1.19567 1.15025 1.09616 1.03289 0.96079 0.88101 0.79553 0.70690 0.61817 0.53236 0.45194 0.37879 0.31395 0.25762 0.20939 0.16850 0.13394 0.10485 0.08049 0.06031 0.04399 0.03102 0.02106 0.01371 0.00856 0.00506 0.00281 0.00144
0.69207 0.81962 0.93847 1.04331 1.13118 1.20157 1.25595 1.29706 1.32805 1.35189 1.37094 1.38679 1.40024 1.41110 1.42024 1.42740 1.43233 1.43485 1.43485 1.43243 1.42773 1.42088 1.41229 1.40242 1.39178 1.38078 1.36983 1.35894 1.34799 1.33658 1.32420 1.31026 1.29394 1.27456 1.25121 1.22283 1.18816 1.14607 1.09541 1.03556 0.96642 0.88885 0.80454 0.71595 0.62601 0.53793 0.45466 0.37846 0.31087 0.25249 0.20317 0.16212 0.12831 0.10052 0.07773 0.05907 0.04390 0.03183 0.02234 0.01511 0.00981 0.00611 0.00361 0.00200 0.00102
0.66750 0.79013 0.90423 1.00473 1.08881 1.15602 1.20784 1.24693 1.27637 1.29902 1.31716 1.33230 1.34520 1.35564 1.36445 1.37137 1.37613 1.37856 1.37856 1.37623 1.37167 1.36504 1.35672 1.34718 1.33690 1.32630 1.31576 1.30530 1.29477 1.28370 1.27153 1.25755 1.24079 1.22039 1.19527 1.16424 1.12602 1.07953 1.02389 0.95884 0.88483 0.80327 0.71638 0.62703 0.53837 0.45356 0.37532 0.30552 0.24522 0.19458 0.15302 0.11949 0.09273 0.07139 0.05442 0.04087 0.03008 0.02167 0.01513 0.01019 0.00660 0.00410 0.00242 0.00134 0.00068
0.64072 0.75783 0.86654 0.96201 1.04158 1.10490 1.15344 1.18980 1.21698 1.23774 1.25426 1.26801 1.27971 1.28913 1.29712 1.30340 1.30772 1.30993 1.30993 1.30781 1.30365 1.29762 1.29006 1.28139 1.27206 1.26244 1.25286 1.24331 1.23361 1.22321 1.21148 1.19757 1.18036 1.15880 1.13168 1.09771 1.05567 1.00467 0.94419 0.87448 0.79661 0.71253 0.62493 0.53694 0.45176 0.37230 0.30088 0.23886 0.18676 0.14428 0.11048 0.08410 0.06374 0.04807 0.03601 0.02667 0.01941 0.01388 0.00964 0.00646 0.00417 0.00259 0.00152 0.00084 0.00043
0.61569 0.72750 0.83097 0.92147 0.99651 1.05581 1.10084 1.13419 1.15876 1.17722 1.19169 1.20359 1.21364 1.22164 1.22844 1.23380 1.23749 1.23937 1.23937 1.23755 1.23400 1.22885 1.22238 1.21497 1.20699 1.19874 1.19046 1.18210 1.17341 1.16375 1.15239 1.13832 1.12031 1.09712 1.06742 1.02994 0.98361 0.92786 0.86266 0.78885 0.70811 0.62293 0.53632 0.45151 0.37152 0.29889 0.23538 0.18176 0.13802 0.10343 0.07680 0.05673 0.04181 0.03074 0.02256 0.01642 0.01180 0.00836 0.00577 0.00385 0.00248 0.00153 0.00090 0.00049 0.00025
0.59476 0.70202 0.80093 0.88704 0.95800 1.01361 1.05535 1.08577 1.10771 1.12379 1.13606 1.14593 1.15414 1.16053 1.16597 1.17025 1.17321 1.17472 1.17472 1.17326 1.17041 1.16627 1.16107 1.15511 1.14865 1.14194 1.13506 1.12791 1.12014 1.11100 1.09962 1.08487 1.06535 1.03973 1.00663 0.96487 0.91368 0.85292 0.78316 0.70587 0.62332 0.53839 0.45428 0.37412 0.30058 0.23565 0.18048 0.13525 0.09946 0.07205 0.05166 0.03685 0.02626 0.01872 0.01340 0.00956 0.00676 0.00474 0.00325 0.00216 0.00138 0.00085 0.00050 0.00027 0.00014
0.57878 0.68246 0.77775 0.86033 0.92795 0.98047 1.01940 1.04724 1.06681 1.08068 1.09088 1.09879 1.10520 1.10999 1.11408 1.11731 1.11953 1.12067 1.12067 1.11957 1.11742 1.11428 1.11035 1.10581 1.10084 1.09556 1.08994 1.08376 1.07653 1.06739 1.05534 1.03908 1.01713 0.98807 0.95059 0.90377 0.84721 0.78135 0.70738 0.62741 0.54417 0.46083 0.38055 0.30617 0.23988 0.18303 0.13613 0.09883 0.07022 0.04902 0.03379 0.02315 0.01586 0.01089 0.00756 0.00526 0.00365 0.00253 0.00172 0.00114 0.00073 0.00045 0.00026 0.00014 0.00007
0.56751 0.66860 0.76124 0.84119 0.90630 0.95644 0.99314 1.01892 1.03654 1.04855 1.05697 1.06318 1.06801 1.07138 1.07427 1.07656 1.07813 1.07894 1.07894 1.07815 1.07662 1.07439 1.07156 1.06825 1.06453 1.06040 1.05566 1.04998 1.04271 1.03286 1.01925 1.00048 0.97501 0.94146 0.89870 0.84615 0.78396 0.71317 0.63563 0.55398 0.47130 0.39083 0.31552 0.24775 0.18911 0.14031 0.10124 0.07112 0.04874 0.03272 0.02160 0.01415 0.00925 0.00607 0.00406 0.00274 0.00186 0.00127 0.00086 0.00056 0.00036 0.00022 0.00013 0.00007 0.00003
0.55958 0.65883 0.74957 0.82763 0.89090 0.93930 0.97436 0.99857 1.01470 1.02527 1.03228 1.03714 1.04070 1.04294 1.04485 1.04637 1.04742 1.04796 1.04796 1.04743 1.04640 1.04488 1.04292 1.04056 1.03772 1.03431 1.02996 1.02417 1.01613 1.00469 0.98854 0.96619 0.93612 0.89709 0.84831 0.78966 0.72190 0.64672 0.56655 0.48444 0.40365 0.32725 0.25784 0.19721 0.14631 0.10522 0.07332 0.04949 0.03236 0.02052 0.01261 0.00756 0.00441 0.00251 0.00143 0.00080 0.00043 0.00024 0.00013 0.00007 0.00003 0.00002 0.00001 0.00000 0.00000
0.55483 0.65295 0.74250 0.81936 0.88145 0.92870 0.96265 0.98579 1.00088 1.01041 1.01641 1.02028 1.02291 1.02430 1.02550 1.02644 1.02710 1.02743 1.02743 1.02710 1.02643 1.02541 1.02404 1.02227 1.01991 1.01671 1.01214 1.00553 0.99588 0.98190 0.96217 0.93518 0.89955 0.85429 0.79907 0.73434 0.66151 0.58286 0.50131 0.42014 0.34255 0.27132 0.20850 0.15527 0.11193 0.07801 0.05250 0.03406 0.02124 0.01273 0.00729 0.00400 0.00208 0.00101 0.00047 0.00020 0.00008 0.00003 0.00001 0.00000 0.00000 0.00000 0.00000 0.00000 0.00000
0.55216 0.64962 0.73847 0.81462 0.87599 0.92253 0.95579 0.97824 0.99264 1.00150 1.00681 1.01001 1.01201 1.01282 1.01352 1.01408 1.01446 1.01466 1.01465 1.01444 1.01400 1.01328 1.01222 1.01068 1.00834 1.00480 0.99936 0.99115 0.97901 0.96151 0.93719 0.90463 0.86267 0.81075 0.74905 0.67870 0.60171 0.52086 0.43940 0.36062 0.28750 0.22235 0.16660 0.12078 0.08462 0.05721 0.03726 0.02331 0.01396 0.00800 0.00434 0.00225 0.00109 0.00048 0.00020 0.00008 0.00002 0.00001 0.00000 0.00000 0.00000 0.00000 0.00000 0.00000 0.00000
0.55075 0.64785 0.73631 0.81206 0.87302 0.91915 0.95200 0.97405 0.98803 0.99646 1.00135 1.00413 1.00573 1.00618 1.00656 1.00687 1.00708 1.00718 1.00717 1.00702 1.00669 1.00608 1.00507 1.00341 1.00064 0.99621 0.98922 0.97861 0.96308 0.94112 0.91130 0.87239 0.82361 0.76492 0.69714 0.62201 0.54212 0.46060 0.38080 0.30585 0.23830 0.17988 0.13138 0.09273 0.06316 0.04144 0.02615 0.01581 0.00911 0.00502 0.00259 0.00128 0.00058 0.00023 0.00009 0.00003 0.00001 0.00000 0.00000 0.00000 0.00000 0.00000 0.00000 0.00000 0.00000
0.55010 0.64701 0.73527 0.81080 0.87154 0.91744 0.95005 0.97186 0.98561 0.99379 0.99843 1.00097 1.00233 1.00256 1.00276 1.00292 1.00302 1.00307 1.00304 1.00289 1.00257 1.00189 1.00066 0.99853 0.99487 0.98897 0.97972 0.96590 0.94609 0.91879 0.88270 0.83692 0.78118 0.71602 0.64294 0.56427 0.48301 0.40248 0.32590 0.25605 0.19491 0.14358 0.10221 0.07023 0.04650 0.02961 0.01810 0.01057 0.00585 0.00309 0.00152 0.00072 0.00030 0.00011 0.00004 0.00001 0.00000 0.00000 0.00000 0.00000 0.00000 0.00000 0.00000 0.00000 0.00000
0.54996 0.64679 0.73497 0.81039 0.87100 0.91677 0.94924 0.97090 0.98448 0.99252 0.99700 0.99939 1.00061 1.00071 1.00081 1.00088 1.00093 1.00093 1.00087 1.00066 1.00023 0.99930 0.99759 0.99463 0.98960 0.98160 0.96938 0.95155 0.92664 0.89326 0.85038 0.79753 0.73503 0.66411 0.58686 0.50611 0.42510 0.34713 0.27511 0.21130 0.15706 0.11284 0.07825 0.05229 0.03363 0.02075 0.01227 0.00690 0.00366 0.00185 0.00086 0.00038 0.00015 0.00005 0.00002 0.00000 0.00000 0.00000 0.00000 0.00000 0.00000 0.00000 0.00000 0.00000 0.00000
0.54995 0.64679 0.73496 0.81037 0.87097 0.91671 0.94915 0.97075 0.98427 0.99222 0.99661 0.99889 1.00000 1.00000 1.00000 1.00000 0.99998 0.99993 0.99982 0.99950 0.99886 0.99753 0.99511 0.99095 0.98408 0.97339 0.95747 0.93484 0.90408 0.86399 0.81395 0.75405 0.68527 0.60950 0.52939 0.44810 0.36895 0.29498 0.22864 0.17156 0.12444 0.08714 0.05883 0.03821 0.02384 0.01423 0.00812 0.00439 0.00222 0.00107 0.00047 0.00020 0.00007 0.00002 0.00001 0.00000 0.00000 0.00000 0.00000 0.00000 0.00000 0.00000 0.00000 0.00000 0.00000
0.54995 0.64679 0.73496 0.81037 0.87097 0.91671 0.94915 0.97075 0.98427 0.99222 0.99661 0.99889 1.00000 1.00000 1.00000 0.99999 0.99996 0.99986 0.99965 0.99912 0.99809 0.99607 0.99254 0.98666 0.97729 0.96314 0.94270 0.91448 0.87720 0.83001 0.77278 0.70625 0.63208 0.55276 0.47136 0.39121 0.31544 0.24671 0.18688 0.13689 0.09683 0.06603 0.04334 0.02731 0.01650 0.00949 0.00521 0.00269 0.00128 0.00058 0.00023 0.00009 0.00003 0.00001 0.00000 0.00000 0.00000 0.00000 0.00000 0.00000 0.00000 0.00000 0.00000 0.00000 0.00000
0.54995 0.64679 0.73496 0.81037 0.87097 0.91671 0.94915 0.97075 0.98427 0.99222 0.99661 0.99889 1.00000 1.00000 0.99999 0.99997 0.99991 0.99973 0.99934 0.99849 0.99688 0.99391 0.98887 0.98077 0.96829 0.94999 0.92431 0.88988 0.84566 0.79127 0.72718 0.65481 0.57646 0.49510 0.41407 0.33662 0.26557 0.20302 0.15016 0.10731 0.07397 0.04909 0.03131 0.01912 0.01117 0.00618 0.00326 0.00160 0.00072 0.00030 0.00011 0.00004 0.00001 0.00000 0.00000 0.00000 0.00000 0.00000 0.00000 0.00000 0.00000 0.00000 0.00000 0.00000 0.00000
0.54995 0.64679 0.73496 0.81037 0.87097 0.91671 0.94915 0.97075 0.98427 0.99222 0.99661 0.99889 1.00000 1.00000 0.99998 0.99993 0.99982 0.99950 0.99886 0.99753 0.99511 0.99085 0.98386 0.97297 0.95670 0.93354 0.90197 0.86082 0.80946 0.74807 0.67778 0.60066 0.51956 0.43780 0.35873 0.28538 0.22009 0.16431 0.11858 0.08260 0.05543 0.03577 0.02214 0.01309 0.00738 0.00392 0.00199 0.00093 0.00038 0.00015 0.00005 0.00002 0.00000 0.00000 0.00000 0.00000 0.00000 0.00000 0.00000 0.00000 0.00000 0.00000 0.00000 0.00000 0.00000
0.54995 0.64679 0.73496 0.81037 0.87097 0.91671 0.94915 0.97075 0.98427 0.99222 0.99661 0.99889 1.00000 0.99999 0.99996 0.99986 0.99965 0.99912 0.99809 0.99607 0.99254 0.98656 0.97709 0.96276 0.94200 0.91329 0.87529 0.82713 0.76871 0.70084 0.62532 0.54481 0.46257 0.38204 0.30642 0.23834 0.17953 0.13078 0.09200 0.06240 0.04074 0.02552 0.01531 0.00874 0.00476 0.00242 0.00117 0.00052 0.00020 0.00007 0.00002 0.00001 0.00000 0.00000 0.00000 0.00000 0.00000 0.00000 0.00000 0.00000 0.00000 0.00000 0.00000 0.00000 0.00000
0.54995 0.64679 0.73496 0.81037 0.87097 0.91671 0.94915 0.97075 0.98427 0.99222 0.99661 0.99889 0.99999 0.99997 0.99991 0.99973 0.99934 0.99849 0.99688 0.99391 0.98887 0.98069 0.96812 0.94966 0.92371 0.88886 0.84402 0.78881 0.72371 0.65021 0.57071 0.48836 0.40662 0.32888 0.25800 0.19604 0.14409 0.10231 0.07008 0.04622 0.02929 0.01777 0.01030 0.00565 0.00295 0.00142 0.00066 0.00027 0.00009 0.00003 0.00001 0.00000 0.00000 0.00000 0.00000 0.00000 0.00000 0.00000 0.00000 0.00000 0.00000 0.00000 0.00000 0.00000 0.00000
0.54995 0.64679 0.73496 0.81037 0.87097 0.91671 0.94915 0.97075 0.98427 0.99222 0.99661 0.99889 0.99998 0.99993 0.99982 0.99950 0.99886 0.99753 0.99511 0.99085 0.98386 0.97290 0.95656 0.93327 0.90149 0.86000 0.80815 0.74610 0.67500 0.59697 0.51496 0.43240 0.35279 0.27922 0.21409 0.15880 0.11381 0.07870 0.05243 0.03358 0.02063 0.01210 0.00676 0.00355 0.00177 0.00081 0.00035 0.00014 0.00004 0.00001 0.00000 0.00000 0.00000 0.00000 0.00000 0.00000 0.00000 0.00000 0.00000 0.00000 0.00000 0.00000 0.00000 0.00000 0.00000
0.54995 0.64679 0.73496 0.81037 0.87097 0.91671 0.94915 0.97075 0.98427 0.99222 0.99661 0.99888 0.99996 0.99986 0.99965 0.99912 0.99809 0.99607 0.99254 0.98656 0.97709 0.96271 0.94190 0.91309 0.87492 0.82651 0.76772 0.69936 0.62323 0.54203 0.45910 0.37798 0.30196 0.23372 0.17503 0.12666 0.08845 0.05952 0.03853 0.02393 0.01423 0.00804 0.00432 0.00217 0.00103 0.00044 0.00018 0.00007 0.00002 0.00000 0.00000 0.00000 0.00000 0.00000 0.00000 0.00000 0.00000 0.00000 0.00000 0.00000 0.00000 0.00000 0.00000 0.00000 0.00000
0.54995 0.64679 0.73496 0.81037 0.87097 0.91671 0.94915 0.97075 0.98427 0.99222 0.99661 0.99886 0.99991 0.99973 0.99934 0.99849 0.99688 0.99391 0.98887 0.98069 0.96812 0.94962 0.92364 0.88872 0.84377 0.78837 0.72301 0.64915 0.56923 0.48639 0.40418 0.32602 0.25486 0.19280 0.14095 0.09945 0.06763 0.04425 0.02781 0.01672 0.00960 0.00521 0.00269 0.00128 0.00058 0.00023 0.00009 0.00003 0.00001 0.00000 0.00000 0.00000 0.00000 0.00000 0.00000 0.00000 0.00000 0.00000 0.00000 0.00000 0.00000 0.00000 0.00000 0.00000 0.00000
0.54995 0.64679 0.73496 0.81037 0.87097 0.91671 0.94915 0.97075 0.98427 0.99222 0.99660 0.99882 0.99982 0.99950 0.99886 0.99753 0.99511 0.99085 0.98386 0.97290 0.95656 0.93325 0.90144 0.85991 0.80798 0.74581 0.67453 0.59627 0.51397 0.43109 0.35116 0.27732 0.21199 0.15664 0.11172 0.07680 0.05081 0.03227 0.01964 0.01139 0.00629 0.00326 0.00160 0.00072 0.00030 0.00011 0.00004 0.00001 0.00000 0.00000 0.00000 0.00000 0.00000 0.00000 0.00000 0.00000 0.00000 0.00000 0.00000 0.00000 0.00000 0.00000 0.00000 0.00000 0.00000
0.54995 0.64679 0.73496 0.81037 0.87097 0.91671 0.94915 0.97075 0.98427 0.99221 0.99657 0.99875 0.99965 0.99912 0.99809 0.99607 0.99254 0.98656 0.97709 0.96271 0.94190 0.91308 0.87489 0.82645 0.76761 0.69917 0.62293 0.54159 0.45849 0.37716 0.30094 0.23253 0.17372 0.12531 0.08714 0.05833 0.03751 0.02311 0.01361 0.00760 0.00403 0.00199 0.00093 0.00038 0.00015 0.00005 0.00002 0.00000 0.00000 0.00000 0.00000 0.00000 0.00000 0.00000 0.00000 0.00000 0.00000 0.00000 0.00000 0.00000 0.00000 0.00000 0.00000 0.00000 0.00000
0.54995 0.64679 0.73496 0.81037 0.87097 0.91671 0.94915 0.97075 0.98427 0.99219 0.99652 0.99862 0.99934 0.99849 0.99688 0.99391 0.98887 0.98069 0.96812 0.94962 0.92364 0.88871 0.84375 0.78834 0.72295 0.64905 0.56906 0.48614 0.40381 0.32554 0.25426 0.19210 0.14018 0.09866 0.06686 0.04355 0.02721 0.01624 0.00924 0.00496 0.00252 0.00117 0.00052 0.00020 0.00007 0.00002 0.00001 0.00000 0.00000 0.00000 0.00000 0.00000 0.00000 0.00000 0.00000 0.00000 0.00000 0.00000 0.00000 0.00000 0.00000 0.00000 0.00000 0.00000 0.00000
0.54995 0.64679 0.73496 0.81037 0.87097 0.91671 0.94915 0.97075 0.98426 0.99216 0.99643 0.99839 0.99886 0.99753 0.99511 0.99085 0.98386 0.97290 0.95656 0.93325 0.90144 0.85990 0.80797 0.74579 0.67450 0.59621 0.51388 0.43095 0.35096 0.27705 0.21166 0.15625 0.11129 0.07636 0.05038 0.03188 0.01931 0.01113 0.00609 0.00312 0.00151 0.00066 0.00027 0.00009 0.00003 0.00001 0.00000 0.00000 0.00000 0.00000 0.00000 0.00000 0.00000 0.00000 0.00000 0.00000 0.00000 0.00000 0.00000 0.00000 0.00000 0.00000 0.00000 0.00000 0.00000
0.54995 0.64679 0.73496 0.81037 0.87097 0.91671 0.94915 0.97074 0.98423 0.99209 0.99626 0.99801 0.99809 0.99607 0.99254 0.98656 0.97709 0.96271 0.94190 0.91308 0.87489 0.82645 0.76761 0.69916 0.62292 0.54156 0.45844 0.37708 0.30084 0.23239 0.17355 0.12511 0.08692 0.05810 0.03729 0.02291 0.01344 0.00746 0.00393 0.00191 0.00088 0.00035 0.00014 0.00004 0.00001 0.00000 0.00000 0.00000 0.00000 0.00000 0.00000 0.00000 0.00000 0.00000 0.00000 0.00000 0.00000 0.00000 0.00000 0.00000 0.00000 0.00000 0.00000 0.00000 0.00000
0.54995 0.64679 0.73496 0.81037 0.87097 0.91671 0.94914 0.97073 0.98419 0.99197 0.99598 0.99742 0.99693 0.99397 0.98895 0.98079 0.96822 0.94973 0.92375 0.88881 0.84383 0.78840 0.72300 0.64908 0.56907 0.48614 0.40380 0.32551 0.25421 0.19203 0.14010 0.09856 0.06675 0.04344 0.02710 0.01614 0.00915 0.00489 0.00247 0.00114 0.00050 0.00018 0.00007 0.00002 0.00000 0.00000 0.00000 0.00000 0.00000 0.00000 0.00000 0.00000 0.00000 0.00000 0.00000 0.00000 0.00000 0.00000 0.00000 0.00000 0.00000 0.00000 0.00000 0.00000 0.00000
0.54995 0.64679 0.73496 0.81037 0.87097 0.91671 0.94914 0.97070 0.98411 0.99176 0.99552 0.99650 0.99522 0.99098 0.98403 0.97310 0.95678 0.93347 0.90166 0.86010 0.80814 0.74593 0.67460 0.59628 0.51393 0.43098 0.35098 0.27706 0.21167 0.15626 0.11129 0.07636 0.05038 0.03188 0.01931 0.01113 0.00609 0.00312 0.00151 0.00066 0.00027 0.00009 0.00003 0.00001 0.00000 0.00000 0.00000 0.00000 0.00000 0.00000 0.00000 0.00000 0.00000 0.00000 0.00000 0.00000 0.00000 0.00000 0.00000 0.00000 0.00000 0.00000 0.00000 0.00000 0.00000
0.54995 0.64679 0.73496 0.81037 0.87097 0.91670 0.94912 0.97064 0.98396 0.99140 0.99479 0.99510 0.99274 0.98683 0.97742 0.96309 0.94232 0.91352 0.87532 0.82684 0.76794 0.69943 0.62312 0.54171 0.45853 0.37714 0.30087 0.23241 0.17356 0.12511 0.08692 0.05810 0.03729 0.02291 0.01344 0.00746 0.00393 0.00191 0.00088 0.00035 0.00014 0.00004 0.00001 0.00000 0.00000 0.00000 0.00000 0.00000 0.00000 0.00000 0.00000 0.00000 0.00000 0.00000 0.00000 0.00000 0.00000 0.00000 0.00000 0.00000 0.00000 0.00000 0.00000 0.00000 0.00000
0.54995 0.64679 0.73496 0.81037 0.87097 0.91669 0.94908 0.97053 0.98371 0.99086 0.99372 0.99312 0.98932 0.98127 0.96882 0.95043 0.92452 0.88960 0.84460 0.78911 0.72360 0.64956 0.56943 0.48639 0.40397 0.32562 0.25427 0.19207 0.14011 0.09857 0.06675 0.04344 0.02710 0.01614 0.00915 0.00489 0.00247 0.00114 0.00050 0.00018 0.00007 0.00002 0.00000 0.00000 0.00000 0.00000 0.00000 0.00000 0.00000 0.00000 0.00000 0.00000 0.00000 0.00000 0.00000 0.00000 0.00000 0.00000 0.00000 0.00000 0.00000 0.00000 0.00000 0.00000 0.00000
0.54995 0.64679 0.73496 0.81037 0.87096 0.91667 0.94901 0.97035 0.98329 0.99001 0.99212 0.99031 0.98465 0.97392 0.95780 0.93467 0.90297 0.86146 0.80945 0.74712 0.67562 0.59710 0.51455 0.43142 0.35127 0.27725 0.21177 0.15631 0.11132 0.07637 0.05038 0.03188 0.01931 0.01113 0.00609 0.00312 0.00151 0.00066 0.00027 0.00009 0.00003 0.00001 0.00000 0.00000 0.00000 0.00000 0.00000 0.00000 0.00000 0.00000 0.00000 0.00000 0.00000 0.00000 0.00000 0.00000 0.00000 0.00000 0.00000 0.00000 0.00000 0.00000 0.00000 0.00000 0.00000
0.54995 0.64679 0.73496 0.81037 0.87094 0.91662 0.94888 0.97003 0.98263 0.98873 0.98982 0.98642 0.97841 0.96440 0.94395 0.91542 0.87741 0.82900 0.77003 0.70134 0.62475 0.54302 0.45952 0.37785 0.30134 0.23270 0.17373 0.12521 0.08697 0.05813 0.03729 0.02291 0.01344 0.00746 0.00393 0.00191 0.00088 0.00035 0.00014 0.00004 0.00001 0.00000 0.00000 0.00000 0.00000 0.00000 0.00000 0.00000 0.00000 0.00000 0.00000 0.00000 0.00000 0.00000 0.00000 0.00000 0.00000 0.00000 0.00000 0.00000 0.00000 0.00000 0.00000 0.00000 0.00000
0.54995 0.64679 0.73495 0.81036 0.87090 0.91653 0.94865 0.96953 0.98163 0.98689 0.98663 0.98121 0.97031 0.95240 0.92696 0.89246 0.84774 0.79235 0.72674 0.65242 0.57188 0.48836 0.40545 0.32667 0.25498 0.19250 0.14037 0.09871 0.06683 0.04347 0.02710 0.01614 0.00915 0.00489 0.00247 0.00114 0.00050 0.00018 0.00007 0.00002 0.00000 0.00000 0.00000 0.00000 0.00000 0.00000 0.00000 0.00000 0.00000 0.00000 0.00000 0.00000 0.00000 0.00000 0.00000 0.00000 0.00000 0.00000 0.00000 0.00000 0.00000 0.00000 0.00000 0.00000 0.00000
0.54995 0.64679 0.73495 0.81033 0.87083 0.91636 0.94827 0.96874 0.98015 0.98426 0.98225 0.97430 0.95989 0.93744 0.90642 0.86549 0.81388 0.75169 0.68005 0.60114 0.51800 0.43419 0.35336 0.27873 0.21276 0.15693 0.11169 0.07657 0.05048 0.03194 0.01931 0.01113 0.00609 0.00312 0.00151 0.00066 0.00027 0.00009 0.00003 0.00001 0.00000 0.00000 0.00000 0.00000 0.00000 0.00000 0.00000 0.00000 0.00000 0.00000 0.00000 0.00000 0.00000 0.00000 0.00000 0.00000 0.00000 0.00000 0.00000 0.00000 0.00000 0.00000 0.00000 0.00000 0.00000
0.54995 0.64678 0.73493 0.81029 0.87071 0.91608 0.94767 0.96758 0.97803 0.98066 0.97643 0.96537 0.94683 0.91920 0.88208 0.83442 0.77597 0.70744 0.63065 0.54838 0.46410 0.38153 0.30411 0.23467 0.17504 0.12603 0.08745 0.05839 0.03743 0.02298 0.01344 0.00746 0.00393 0.00191 0.00088 0.00035 0.00014 0.00004 0.00001 0.00000 0.00000 0.00000 0.00000 0.00000 0.00000 0.00000 0.00000 0.00000 0.00000 0.00000 0.00000 0.00000 0.00000 0.00000 0.00000 0.00000 0.00000 0.00000 0.00000 0.00000 0.00000 0.00000 0.00000 0.00000 0.00000
0.54995 0.64678 0.73490 0.81021 0.87051 0.91562 0.94675 0.96586 0.97503 0.97573 0.96875 0.95395 0.93064 0.89725 0.85363 0.79917 0.73418 0.66006 0.57926 0.49506 0.41117 0.33126 0.25843 0.19496 0.14200 0.09973 0.06743 0.04381 0.02727 0.01622 0.00915 0.00489 0.00247 0.00114 0.00050 0.00018 0.00007 0.00002 0.00000 0.00000 0.00000 0.00000 0.00000 0.00000 0.00000 0.00000 0.00000 0.00000 0.00000 0.00000 0.00000 0.00000 0.00000 0.00000 0.00000 0.00000 0.00000 0.00000 0.00000 0.00000 0.00000 0.00000 0.00000 0.00000 0.00000
0.54995 0.64676 0.73484 0.81005 0.87015 0.91489 0.94536 0.96338 0.97088 0.96915 0.95880 0.93961 0.91089 0.87126 0.82092 0.75980 0.68885 0.61015 0.52668 0.44206 0.36007 0.28411 0.21682 0.15980 0.11360 0.07777 0.05118 0.03232 0.01951 0.01123 0.00609 0.00312 0.00151 0.00066 0.00027 0.00009 0.00003 0.00001 0.00000 0.00000 0.00000 0.00000 0.00000 0.00000 0.00000 0.00000 0.00000 0.00000 0.00000 0.00000 0.00000 0.00000 0.00000 0.00000 0.00000 0.00000 0.00000 0.00000 0.00000 0.00000 0.00000 0.00000 0.00000 0.00000 0.00000
0.54994 0.64672 0.73474 0.80980 0.86961 0.91381 0.94338 0.95997 0.96534 0.96061 0.94624 0.92200 0.88730 0.84106 0.78397 0.71658 0.64051 0.55842 0.47374 0.39024 0.31152 0.24060 0.17951 0.12919 0.08956 0.05970 0.03820 0.02340 0.01366 0.00757 0.00393 0.00191 0.00088 0.00035 0.00014 0.00004 0.00001 0.00000 0.00000 0.00000 0.00000 0.00000 0.00000 0.00000 0.00000 0.00000 0.00000 0.00000 0.00000 0.00000 0.00000 0.00000 0.00000 0.00000 0.00000 0.00000 0.00000 0.00000 0.00000 0.00000 0.00000 0.00000 0.00000 0.00000 0.00000
0.54991 0.64665 0.73455 0.80939 0.86876 0.91222 0.94057 0.95532 0.95802 0.94966 0.93060 0.90069 0.85955 0.80653 0.74291 0.66989 0.58975 0.50566 0.42129 0.34036 0.26615 0.20112 0.14663 0.10300 0.06960 0.04516 0.02806 0.01666 0.00938 0.00500 0.00247 0.00114 0.00050 0.00018 0.00007 0.00002 0.00000 0.00000 0.00000 0.00000 0.00000 0.00000 0.00000 0.00000 0.00000 0.00000 0.00000 0.00000 0.00000 0.00000 0.00000 0.00000 0.00000 0.00000 0.00000 0.00000 0.00000 0.00000 0.00000 0.00000 0.00000 0.00000 0.00000 0.00000 0.00000
0.54987 0.64653 0.73426 0.80876 0.86753 0.90998 0.93676 0.94919 0.94865 0.93599 0.91161 0.87548 0.82759 0.76782 0.69811 0.62035 0.53739 0.45274 0.37016 0.29312 0.22441 0.16584 0.11812 0.08096 0.05330 0.03363 0.02028 0.01165 0.00631 0.00323 0.00151 0.00066 0.00027 0.00009 0.00003 0.00001 0.00000 0.00000 0.00000 0.00000 0.00000 0.00000 0.00000 0.00000 0.00000 0.00000 0.00000 0.00000 0.00000 0.00000 0.00000 0.00000 0.00000 0.00000 0.00000 0.00000 0.00000 0.00000 0.00000 0.00000 0.00000 0.00000 0.00000 0.00000 0.00000
0.54979 0.64632 0.73378 0.80781 0.86574 0.90687 0.93164 0.94121 0.93679 0.91920 0.88890 0.84615 0.79142 0.72520 0.65012 0.56871 0.48429 0.40056 0.32113 0.24909 0.18660 0.13479 0.09373 0.06264 0.04014 0.02459 0.01436 0.00796 0.00413 0.00201 0.00088 0.00035 0.00014 0.00004 0.00001 0.00000 0.00000 0.00000 0.00000 0.00000 0.00000 0.00000 0.00000 0.00000 0.00000 0.00000 0.00000 0.00000 0.00000 0.00000 0.00000 0.00000 0.00000 0.00000 0.00000 0.00000 0.00000 0.00000 0.00000 0.00000 0.00000 0.00000 0.00000 0.00000 0.00000
0.54963 0.64597 0.73304 0.80639 0.86321 0.90262 0.92488 0.93100 0.92206 0.89893 0.86225 0.81268 0.75126 0.67915 0.59967 0.51590 0.43145 0.35004 0.27497 0.20877 0.15295 0.10794 0.07325 0.04771 0.02974 0.01768 0.00998 0.00533 0.00264 0.00122 0.00050 0.00018 0.00007 0.00002 0.00000 0.00000 0.00000 0.00000 0.00000 0.00000 0.00000 0.00000 0.00000 0.00000 0.00000 0.00000 0.00000 0.00000 0.00000 0.00000 0.00000 0.00000 0.00000 0.00000 0.00000 0.00000 0.00000 0.00000 0.00000 0.00000 0.00000 0.00000 0.00000 0.00000 0.00000
0.54939 0.64542 0.73195 0.80438 0.85977 0.89701 0.91622 0.91826 0.90419 0.87499 0.83162 0.77525 0.70754 0.63037 0.54766 0.46291 0.37987 0.30205 0.23231 0.17253 0.12353 0.08512 0.05634 0.03574 0.02166 0.01247 0.00680 0.00349 0.00165 0.00072 0.00027 0.00009 0.00003 0.00001 0.00000 0.00000 0.00000 0.00000 0.00000 0.00000 0.00000 0.00000 0.00000 0.00000 0.00000 0.00000 0.00000 0.00000 0.00000 0.00000 0.00000 0.00000 0.00000 0.00000 0.00000 0.00000 0.00000 0.00000 0.00000 0.00000 0.00000 0.00000 0.00000 0.00000 0.00000
0.54897 0.64458 0.73035 0.80157 0.85510 0.88967 0.90523 0.90257 0.88280 0.84714 0.79698 0.73407 0.66077 0.57961 0.49501 0.41072 0.33042 0.25729 0.19358 0.14051 0.09823 0.06602 0.04257 0.02625 0.01543 0.00858 0.00449 0.00221 0.00098 0.00040 0.00014 0.00004 0.00001 0.00000 0.00000 0.00000 0.00000 0.00000 0.00000 0.00000 0.00000 0.00000 0.00000 0.00000 0.00000 0.00000 0.00000 0.00000 0.00000 0.00000 0.00000 0.00000 0.00000 0.00000 0.00000 0.00000 0.00000 0.00000 0.00000 0.00000 0.00000 0.00000 0.00000 0.00000 0.00000
0.54834 0.64335 0.72812 0.79776 0.84898 0.88031 0.89161 0.88365 0.85770 0.81535 0.75850 0.68959 0.61163 0.52774 0.44268 0.36026 0.28393 0.21634 0.15912 0.11280 0.07694 0.05040 0.03162 0.01893 0.01078 0.00577 0.00290 0.00136 0.00057 0.00022 0.00007 0.00002 0.00000 0.00000 0.00000 0.00000 0.00000 0.00000 0.00000 0.00000 0.00000 0.00000 0.00000 0.00000 0.00000 0.00000 0.00000 0.00000 0.00000 0.00000 0.00000 0.00000 0.00000 0.00000 0.00000 0.00000 0.00000 0.00000 0.00000 0.00000 0.00000 0.00000 0.00000 0.00000 0.00000
0.54739 0.64156 0.72502 0.79266 0.84104 0.86852 0.87493 0.86113 0.82867 0.77959 0.71643 0.64230 0.56085 0.47561 0.39155 0.31233 0.24098 0.17956 0.12902 0.08926 0.05935 0.03785 0.02307 0.01339 0.00737 0.00379 0.00182 0.00082 0.00032 0.00012 0.00003 0.00001 0.00000 0.00000 0.00000 0.00000 0.00000 0.00000 0.00000 0.00000 0.00000 0.00000 0.00000 0.00000 0.00000 0.00000 0.00000 0.00000 0.00000 0.00000 0.00000 0.00000 0.00000 0.00000 0.00000 0.00000 0.00000 0.00000 0.00000 0.00000 0.00000 0.00000 0.00000 0.00000 0.00000
0.54550 0.63852 0.72026 0.78543 0.83042 0.85349 0.85450 0.83450 0.79542 0.73988 0.67109 0.59279 0.50917 0.42406 0.34240 0.26753 0.20195 0.14706 0.10315 0.06957 0.04504 0.02791 0.01649 0.00924 0.00490 0.00239 0.00109 0.00046 0.00017 0.00006 0.00001 0.00000 0.00000 0.00000 0.00000 0.00000 0.00000 0.00000 0.00000 0.00000 0.00000 0.00000 0.00000 0.00000 0.00000 0.00000 0.00000 0.00000 0.00000 0.00000 0.00000 0.00000 0.00000 0.00000 0.00000 0.00000 0.00000 0.00000 0.00000 0.00000 0.00000 0.00000 0.00000 0.00000 0.00000
0.54254 0.63404 0.71360 0.77576 0.81679 0.83491 0.83007 0.80365 0.75807 0.69657 0.62303 0.54180 0.45744 0.37391 0.29592 0.22636 0.16710 0.11886 0.08134 0.05346 0.03366 0.02025 0.01157 0.00625 0.00318 0.00147 0.00063 0.00025 0.00008 0.00003 0.00000 0.00000 0.00000 0.00000 0.00000 0.00000 0.00000 0.00000 0.00000 0.00000 0.00000 0.00000 0.00000 0.00000 0.00000 0.00000 0.00000 0.00000 0.00000 0.00000 0.00000 0.00000 0.00000 0.00000 0.00000 0.00000 0.00000 0.00000 0.00000 0.00000 0.00000 0.00000 0.00000 0.00000 0.00000
0.53794 0.62745 0.70431 0.76290 0.79942 0.81213 0.80119 0.76838 0.71668 0.65001 0.57286 0.49009 0.40647 0.32588 0.25266 0.18913 0.13647 0.09478 0.06325 0.04047 0.02477 0.01444 0.00796 0.00413 0.00201 0.00088 0.00035 0.00014 0.00004 0.00001 0.00000 0.00000 0.00000 0.00000 0.00000 0.00000 0.00000 0.00000 0.00000 0.00000 0.00000 0.00000 0.00000 0.00000 0.00000 0.00000 0.00000 0.00000 0.00000 0.00000 0.00000 0.00000 0.00000 0.00000 0.00000 0.00000 0.00000 0.00000 0.00000 0.00000 0.00000 0.00000 0.00000 0.00000 0.00000
0.53093 0.61787 0.69143 0.74590 0.77744 0.78444 0.76738 0.72849 0.67139 0.60062 0.52124 0.43841 0.35699 0.28057 0.21299 0.15594 0.10993 0.07449 0.04843 0.03013 0.01788 0.01008 0.00533 0.00264 0.00122 0.00050 0.00018 0.00007 0.00002 0.00000 0.00000 0.00000 0.00000 0.00000 0.00000 0.00000 0.00000 0.00000 0.00000 0.00000 0.00000 0.00000 0.00000 0.00000 0.00000 0.00000 0.00000 0.00000 0.00000 0.00000 0.00000 0.00000 0.00000 0.00000 0.00000 0.00000 0.00000 0.00000 0.00000 0.00000 0.00000 0.00000 0.00000 0.00000 0.00000
0.52049 0.60417 0.67380 0.72360 0.74982 0.75106 0.72815 0.68387 0.62242 0.54893 0.46885 0.38754 0.30968 0.23849 0.17721 0.12685 0.08733 0.05772 0.03654 0.02208 0.01269 0.00690 0.00349 0.00165 0.00072 0.00027 0.00009 0.00003 0.00001 0.00000 0.00000 0.00000 0.00000 0.00000 0.00000 0.00000 0.00000 0.00000 0.00000 0.00000 0.00000 0.00000 0.00000 0.00000 0.00000 0.00000 0.00000 0.00000 0.00000 0.00000 0.00000 0.00000 0.00000 0.00000 0.00000 0.00000 0.00000 0.00000 0.00000 0.00000 0.00000 0.00000 0.00000 0.00000 0.00000
0.50542 0.58505 0.65006 0.69475 0.71551 0.71120 0.68309 0.63448 0.57009 0.49549 0.41641 0.33814 0.26510 0.19999 0.14539 0.10171 0.06834 0.04402 0.02710 0.01587 0.00880 0.00460 0.00221 0.00098 0.00040 0.00014 0.00004 0.00001 0.00000 0.00000 0.00000 0.00000 0.00000 0.00000 0.00000 0.00000 0.00000 0.00000 0.00000 0.00000 0.00000 0.00000 0.00000 0.00000 0.00000 0.00000 0.00000 0.00000 0.00000 0.00000 0.00000 0.00000 0.00000 0.00000 0.00000 0.00000 0.00000 0.00000 0.00000 0.00000 0.00000 0.00000 0.00000 0.00000 0.00000
0.48449 0.55918 0.61892 0.65817 0.67355 0.66426 0.63199 0.58046 0.51485 0.44097 0.36460 0.29086 0.22371 0.16530 0.11757 0.08036 0.05270 0.03306 0.01977 0.01120 0.00599 0.00300 0.00136 0.00057 0.00022 0.00007 0.00002 0.00000 0.00000 0.00000 0.00000 0.00000 0.00000 0.00000 0.00000 0.00000 0.00000 0.00000 0.00000 0.00000 0.00000 0.00000 0.00000 0.00000 0.00000 0.00000 0.00000 0.00000 0.00000 0.00000 0.00000 0.00000 0.00000 0.00000 0.00000 0.00000 0.00000 0.00000 0.00000 0.00000 0.00000 0.00000 0.00000 0.00000 0.00000
0.45668 0.52550 0.57938 0.61302 0.62339 0.61001 0.57494 0.52225 0.45733 0.38608 0.31413 0.24624 0.18584 0.13452 0.09361 0.06252 0.04000 0.02444 0.01418 0.00776 0.00399 0.00192 0.00082 0.00032 0.00012 0.00003 0.00001 0.00000 0.00000 0.00000 0.00000 0.00000 0.00000 0.00000 0.00000 0.00000 0.00000 0.00000 0.00000 0.00000 0.00000 0.00000 0.00000 0.00000 0.00000 0.00000 0.00000 0.00000 0.00000 0.00000 0.00000 0.00000 0.00000 0.00000 0.00000 0.00000 0.00000 0.00000 0.00000 0.00000 0.00000 0.00000 0.00000 0.00000 0.00000
0.42149 0.48357 0.53109 0.55917 0.56513 0.54883 0.51258 0.46064 0.39842 0.33167 0.26568 0.20472 0.15167 0.10757 0.07324 0.04779 0.02981 0.01771 0.00994 0.00523 0.00257 0.00117 0.00046 0.00017 0.00006 0.00001 0.00000 0.00000 0.00000 0.00000 0.00000 0.00000 0.00000 0.00000 0.00000 0.00000 0.00000 0.00000 0.00000 0.00000 0.00000 0.00000 0.00000 0.00000 0.00000 0.00000 0.00000 0.00000 0.00000 0.00000 0.00000 0.00000 0.00000 0.00000 0.00000 0.00000 0.00000 0.00000 0.00000 0.00000 0.00000 0.00000 0.00000 0.00000 0.00000
0.37922 0.43383 0.47470 0.49745 0.49980 0.48191 0.44623 0.39696 0.33934 0.27876 0.22000 0.16677 0.12138 0.08440 0.05626 0.03589 0.02183 0.01261 0.00684 0.00344 0.00161 0.00070 0.00025 0.00008 0.00003 0.00000 0.00000 0.00000 0.00000 0.00000 0.00000 0.00000 0.00000 0.00000 0.00000 0.00000 0.00000 0.00000 0.00000 0.00000 0.00000 0.00000 0.00000 0.00000 0.00000 0.00000 0.00000 0.00000 0.00000 0.00000 0.00000 0.00000 0.00000 0.00000 0.00000 0.00000 0.00000 0.00000 0.00000 0.00000 0.00000 0.00000 0.00000 0.00000 0.00000
0.33116 0.37783 0.41198 0.42983 0.42950 0.41137 0.37787 0.33300 0.28158 0.22845 0.17781 0.13274 0.09500 0.06483 0.04235 0.02642 0.01569 0.00880 0.00460 0.00221 0.00098 0.00040 0.00014 0.00004 0.00001 0.00000 0.00000 0.00000 0.00000 0.00000 0.00000 0.00000 0.00000 0.00000 0.00000 0.00000 0.00000 0.00000 0.00000 0.00000 0.00000 0.00000 0.00000 0.00000 0.00000 0.00000 0.00000 0.00000 0.00000 0.00000 0.00000 0.00000 0.00000 0.00000 0.00000 0.00000 0.00000 0.00000 0.00000 0.00000 0.00000 0.00000 0.00000 0.00000 0.00000
0.27953 0.31811 0.34576 0.35927 0.35720 0.34003 0.31006 0.27090 0.22679 0.18191 0.13977 0.10285 0.07246 0.04857 0.03111 0.01899 0.01100 0.00599 0.00300 0.00136 0.00057 0.00022 0.00007 0.00002 0.00000 0.00000 0.00000 0.00000 0.00000 0.00000 0.00000 0.00000 0.00000 0.00000 0.00000 0.00000 0.00000 0.00000 0.00000 0.00000 0.00000 0.00000 0.00000 0.00000 0.00000 0.00000 0.00000 0.00000 0.00000 0.00000 0.00000 0.00000 0.00000 0.00000 0.00000 0.00000 0.00000 0.00000 0.00000 0.00000 0.00000 0.00000 0.00000 0.00000 0.00000